#";1st" line  
-999.1 0 0 0
-10.1 85 85 85
0.001 125 0 125
0.03 125 0 125
0.04 116 0 136
0.05 107 0 147
0.06 97 0 157
0.075 88 0 168
0.09 81 0 175
0.1 74 0 182
0.125 67 0 188
0.15 60 0 195
0.175 54 10 202
0.2 45 21 210
0.23 37 31 217
0.26 30 42 225
0.29 22 52 237
0.32 15 63 240
0.35 7 73 247
0.38 0 84 255
0.4 0 112 246
0.45 0 141 237
0.5 0 169 228
0.55 0 198 220
0.6 0 226 211
0.7 0 255 203
0.8 0 255 157
0.9 0 255 112
1 0 255 66
1.2 0 255 21
1.5 50 255 19
1.75 100 255 17
2 150 255 16
2.225 200 255 15
2.5 209 235 12
2.75 218 215 10
3 227 195 7
3.25 236 175 5
3.5 245 155 3
4 255 135 0
4.5 251 113 0
5 247 92 0
6 242 70 0
8 238 49 0
10 234 27 0
12 230 6 0
15 210 3 0
20 190 0 0
25 170 0 0
30 150 0 0
